#Standard preset:
Rock;R;4.0;4.5;4.5;2.9;2.9;2.9;-3.6;-3.6;-3.6;-4.7;-4.7;-4.7;-2.5;-2.5;-2.5;2.5;2.5;2.5;5;5;5;5.5;5.5;5.5;5.5;5.5;5.5;5.5;5.5;5.5;5.5;5.5;
Classical;C;0;0;0;0;0;0;0;0;0;0;0;0;0;0;0;0;0;0;0;0;0;0;-4.8;-4.8;-4.8;-4.8;-4.8;-4.8;-4.8;-4.8;-4.8;-6.3;
Pop;P;-1.3;-1.3;-1.3;2.9;2.9;2.9;4.4;4.4;4.4;4.8;4.8;4.8;4.8;3.2;3.2;3.2;3.2;3.2;-1;-1;-1;-1.7;-1.7;-1.7;-1.7;-1.7;-1.7;-1.7;-1.7;-1.7;-1.7;-1.7;
Dance;D;4.0;4.5;4.5;4.5;4.2;4.2;4.2;1.3;1.3;1.3;0;0;0;0;0;0;-3.6;-3.6;-3.6;-4.6;-4.6;-4.6;-4.6;-4.3;-4.3;-4.3;0;0;0;0;0;0;
Reggae;RE;0;0;0;0;0;0;0;-0.6;-0.6;-0.6;-3.6;-3.6;-3.6;-3.6;0;0;0;4.4;4.4;4.4;4.4;4.4;4.4;0;0;0;0;0;0;0;0;0;
Soft;S;2.9;2.9;2.9;1;1;1;1;-1;-1;-1;-1.7;-1.7;-1.7;-1;-1;-1;2.5;2.5;2.5;2.5;5.1;5.1;5.1;5.9;5.9;5.9;6.7;6.7;6.7;7.4;7.4;7.4;

#User's preset:
#User EQ n.1;U1;0.0;0.0;0.0;0.0;0.0;0.0;0.0;0.0;0.0;0.0;0.0;0.0;0.0;0.0;0.0;0.0;0.0;0.0;0.0;0.0;0.0;0.0;0.0;0.0;0.0;0.0;0.0;0.0;0.0;0.0;0.0;0.0;
#User EQ n.2;U2;0.0;0.0;0.0;0.0;0.0;0.0;0.0;0.0;0.0;0.0;0.0;0.0;0.0;0.0;0.0;0.0;0.0;0.0;0.0;0.0;0.0;0.0;0.0;0.0;0.0;0.0;0.0;0.0;0.0;0.0;0.0;0.0;

